Simulation: 0.00046375s
AI: 0.116095s
Total: 0.117136s
